62208287
64383528
61552556
68472715
62338527
69099102
63289673
69828952
69930899
66929976
68613070
65514557
60559326
60553660
68556080
60818303
60703592
65687406
61027229
65263060
69468000
63717028
62852349
67053184
60624170
67939837
61172732
69975321
65516600
62244444
61766336
64146876
68875679
61653030
65918242
61234567
62559006
67486656
60934293
67098696
64704385
67534554
62027523
65058823
60246244
62222222
62587602
69840371
62688055
69521514
60000000
62345679
67920144
61810482
67698766
63660077
68664900
67271314
64627147
64167723
61545688
62640408
60064458
61061612
64779804
68688812
66046664
60487594
67830815
61679735
60491674
62063819
60962301
67149030
67185711
60774771
60878142
69350202
65512694
61111111
69312813
68981025
63867287
68600223
60344088
64444686
69888210
67751391
63052125
60734545
67119012
60447247
64879173
65483607
68823077
67628338
63676631
68605590
61656183
61417817
69975458
60578601
60503446
62222280
67498850
68814997
68467310
63093165
63499009
61510011
65253038
61814311
68583138
62157311
64830077
61233170
60286248
68357337
68760802
62220402
69910800
62345334
68519192
66247678
68145179
68368381
67769278
61138557
64671142
68537466
68780214
61350086
67286389
61515359
66266252
61477348
60175610
64583334
60158354
66514783
62829830
64771758
69816681
60697021
68531909
67055717
64774893
65233979
67840414
68603058
62750710
67221134
69076924
65524999
60234045
67932221
68266255
60706624
67000217
65022222
67091990
64212776
61598010
62762602
60598743
67987694
65617341
62324963
64514016
67885391
67497051
65258661
65781093
60947547
68569756
68627245
68239137
60044440
67233588
68030470
67551847
68362631
69810913
60979029
61069856
61385908
68752481
64687717
65358334
68734041
61251826
60262809
62180050
60742895
60120448
60959246
61651061
60915502
68661697
67943960
67572749
64691256
67293001
61626717
68016251
65904802
66606912
60465457
63029861
67422494
61861157
62373551
61293618
65774566
65927997
67321669
65303258
60756146
62817836
65221269
68653854
61127970
64844110
61277881
68322687
64960770
60855200
62677097
69801590
67789269
69038538
68181379
60151871
69505728
61595032
68611484
67202807
66834343
62909263
67907994
69674531
67010388
60114671
62704414
67131588
64535986
69870408
64335507
62249333
61527318
63784732
67299108
65782265
65578412
66408136
68774415
60021965
65027496
64729028
69502405
63421155
66212912
62257231
62779905
62404888
62122743
68621712
64634601
64747949
65576630
60917034
67093845
64615301
62147310
61530155
63559617
69959289
62495108
69558625
68529355
65747087
62347743
67669273
68046573
60027250
62040807
61880083
60327056
61405548
65561418
62168427
61093085
62613975
60552055
67356500
61546843
68304666
63696558
69817878
69092916
65675763
60762552
69910506
60783725
69980209
60308183
68756599
60345701
62684048
69816514
65678597
67561718
62013373
62785227
68002957
66330897
64692945
65770979
68328594
63828319
60872245
69846645
62249303
63370727
68852395
64461166
65879352
67481997
65471920
60227500
68272340
67575288
60493213
61679781
65607676
67504188
62442201
68267079
62022970
69805055
67655753
68759620
69940776
63378283
65201277
62534566
68422970
65633514
60643505
63868685
69070706
65512003
64896023
68689718
67779856
65944739
60547788
67864039
68263492
60190490
60013510
60629142
67487248
62030208
68343135
65577550
60050448
60860777
67227536
68369330
60782919
64890979
65556482
61007627
60570933
62351459
63389063
69811062
65745680
61577832
62101346
60057579
68353938
69296057
67117203
66237358
61636666
67200870
60505554
61177469
65795199
60091295
60114143
65250287
68770274
64641572
60992856
68689638
61976338
63813148
65695339
62249304
69008868
64150414
60893412
68680449
67961820
60432844
68160847
65771837
62255682
69316677
61111289
65740033
63547971
63150555
67905767
63926822
69920457
61413901
60286742
67140877
68691935
61217578
60433906
69831014
63661513
60822847
62831944
60915540
60609321
60935782
60116977
62200489
64129079
61011772